List of IDs corresponding to drones that were generated by feature_extractor.py

26-2-2021 -> recording1_0.mp4

ID 1: 973, 3727, 7587, 11910, 39870, 41719, 43862, 60204, 76615, 76977, 79572, 81596, 94096, 101371, 102995, 107245, 138042
ID 2: 14787, 43730, 46665, 68443, 74898, 78510, 80375, 91101, 98314, 99090, 109730, 115124, 138569, 

26-2-2021 -> recording1-2.mp4

ID 1: 3570, 21389, 173882, 183580, 194730, 197945, 234501, 270793, 294431, 327994, 341413, 
ID 2: 22450, 128336, 144811, 183578, 191217, 194074, 220169, 234500, 290420, 331069, 370391, 394987, 

5-2-2021 -> WIN_20210205_12_02_50_Pro.mp4

ID 1: 3295, 16012, 22621, 33384, 35612, 41222, 45908, 50643, 54183, 
ID 2: 4008, 8149, 11510, 16011, 18613, 20397, 21392, 23507, 30593, 34905, 37826, 41101, 42813, 47543, 
ID 3: 6136, 12826, 20542, 23413, 26209, 28209, 30916, 37428, 43229, 45785, 46543, 

5-2-2021 -> WIN_25640205_12_02_49_Pro.mp4

ID 1: 5987, 12860, 17097, 32489, 37934, 45533, 46130, 46640, 49149, 52108, 
ID 2: 6589, 12956, 25557, 28994, 31413, 33959, 39741, 41840, 45128, 46821, 52216, 
ID 3: 10250, 20640, 24898, 25556, 26172, 29940, 30022, 42864, 44524, 46566, 

5-2-2021 -> WIN_25640205_12_09_50_Pro.mp4

ID 1: 157, 1586, 2223, 5128, 6401, 11667, 12861, 14865, 15405, 16682, 20103, 20766, 23237, 
ID 2: 21, 833, 3220, 15482, 18354, 19783, 20784, 23175, 
ID 3: 800, 2535, 4692, 7218, 8797, 12209, 15874, 18154, 21149, 

5-2-2021 -> WIN_20210205_12_09_51_Pro.mp4

ID 1: 602, 1514, 2138, 2868, 5535, 8625, 12572, 14480, 15629, 19751, 20536, 22624, 
ID 2: 19, 3324, 19651, 20637, 22573, 
ID 3: 773, 2581, 5027, 6087, 7453, 11963, 13075, 16272, 17619, 18643, 19850, 20888, 

5-2-2021 -> WIN_20210205_12_13_34_Pro.mp4

ID 1: 0, 2384, 7468, 13015, 17565, 21045, 23780, 24698, 
ID 2: 1, 2357, 7935, 10846, 17072, 20356, 21052, 22998, 
ID 3: 2, 1029, 6238, 9244, 13521, 17072, 20194, 23194, 24206, 

5-2-2021 -> WIN_25640205_12_13_33_Pro.mp4

ID 1: 17, 1226, 3831, 7738, 8812, 9990, 10882, 13207, 16445, 21712, 24781, 
ID 2: 16, 3715, 8127, 8811, 10099, 10883, 11905, 16161, 21298, 23445, 24679, 
ID 3: 18, 21299, 23764, 25181, 

5-3-2021 -> out_5Mar_1_0.mp4

ID 1: 7, 23280, 
ID 2: 3210, 11577, 12776, 23725, 32407, 39294, 42708, 45108, 49946, 50233, 50907, 55922, 56836, 57943, 
ID 3: 19380, 23453, 42776, 47499, 48782, 56878, 

5-3-2021 -> out_5Mar_1_2.mp4

ID 1: 5, 19483, 36846, 41108, 45505, 
ID 2: 2621, 48010, 58414, 
ID 3: 16051, 17429, 18663, 49807, 50873, 52263, 55006, 56064, 56856, 58008, 59097, 

5-3-2021 -> out_5Mar_3CAM1_0.mp4

ID 1: 7, 7534, 20148, 22125, 23320, 24602, 28588, 30002, 
ID 2: 45, 3327, 8309, 9474, 11038, 15096, 24069, 33269, 

5-3-2021 -> out_5Mar_3CAM1_2.mp4

ID 1: 8, 4732, 6116, 14375, 15739, 20382, 20865, 27517, 
ID 2: 7, 3051, 3582, 4177, 4719, 6515, 8536, 12060, 20049, 24623, 25981, 27318, 30308, 33299, 

5-3-2021 -> out_5Mar_3CAM2_0.mp4

ID 1: 9, 2279, 9297, 10930, 
ID 2: 10, 5858, 10179, 11407, 12498, 14997, 14674

5-3-2021 -> out_5Mar_3CAM2_2.mp4

ID 1: 5, 458, 6410, 10822, 13505, 
ID 2: 6, 5991, 9876, 11930, 12284, 14397, 